0 1009
1 2039
2 1382
3 36
4 785
5 1709
6 2973
7 3366
8 4629
9 6895
10 9
11 1190
12 8
13 4963
14 6599
15 9630
16 374
17 6730
18 735
19 1599
20 1061
21 34
22 895
23 1320
24 127
25 634
26 890
27 2
28 376
29 4359
30 1
31 2501
32 1883
33 1638
34 3056
35 247
36 11
37 4839
38 93
39 881
40 735
41 2123
42 273
43 3315
44 4160
45 2589
46 137
47 546
48 221
49 487
50 1175
51 1367
52 56
53 380
54 1947
55 1
56 1219
57 1586
58 2021
59 4187
60 76
61 528
62 105
63 10719
64 3649
65 2724
66 13
67 1131
68 516
69 958
70 736
71 1196
72 1713
73 197
74 966
75 730
76 3
77 358
78 1702
79 874
80 1180
81 584
82 1939
83 1
84 885
85 10
86 905
87 899
88 1105
89 891
90 6
91 777
92 1440
93 2
94 2
95 6540
96 510
97 2580
98 1043
99 1665
100 681
101 1248
102 158
103 1814
104 2425
105 6504
106 2290
107 673
108 70
109 2009
110 3265
111 2972
112 619
113 1691
114 1
115 678
116 1
117 1
118 3773
119 71
120 225
121 118
122 2767
123 28
124 133
125 3670
126 2147
127 208
128 1
129 1347
130 237
131 109
132 813
133 790
134 137
135 314
136 2511
137 761
138 1
139 1
140 1991
141 1944
142 1969
143 4
144 5234
145 1546
146 529
147 3576
148 1321
149 3067
150 2308
151 536
152 907
153 2477
154 16
155 1142
156 6104
157 41
158 1
159 798
160 3501
161 507
162 333
163 651
164 37
165 327
166 1088
167 700
168 27
169 311
170 907
171 203
172 1
173 3203
174 1433
175 4960
176 56
177 901
178 6
179 3957
180 2290
181 1141
182 732
183 308
184 2415
185 2436
186 2074
187 462
188 6
189 1351
190 1053
191 2492
192 10
193 37
194 986
195 3
196 1
197 587
198 9346
199 285
200 570
201 668
202 9594
203 74
204 347
205 6871
206 352
207 711
208 713
209 4441
210 198
211 10
212 1073
213 431
214 986
215 890
216 229
217 226
218 2687
219 557
220 3317
221 134
222 3840
223 694
224 408
225 3761
226 216
227 488
228 48
229 2041
230 2271
231 108
232 40
233 5030
234 7082
235 916
236 572
237 7836
238 1
239 9419
240 7346
241 4
242 14
243 4258
244 2985
245 3133
246 1450
247 1
248 1
249 815
250 302
251 483
252 424
253 293
254 297
255 623
256 818
257 961
258 511
259 753
260 436
261 421
262 1749
263 1054
264 1273
265 14
266 2
267 208
268 5361
269 2017
270 3365
271 2446
272 52
273 128
274 308
275 1
276 1
277 1
278 1
279 2
280 1477
281 463
282 1438
283 333
284 114
285 1557