0 33
1 457
2 30
3 19
4 274
5 2
6 112
7 37
8 46
9 114
10 1341
11 178
12 34
13 143
14 58
15 93
16 40
17 38
18 218
19 226
20 153
21 292
22 253
23 41
24 198
25 3
26 7
27 8
28 13
29 1
30 15
31 7
32 648
33 45
34 47
35 1
36 2
37 20
38 226
39 59
40 454
41 81
42 229
43 348
44 131
45 91
46 49
47 45
48 65
49 16
50 25
51 1
52 64
53 57
54 2
55 43
56 259
57 69
58 139
59 116
60 361
61 16
62 36
63 538
64 658
65 101
66 125
67 107
68 28
69 294
70 138
71 73
72 308
73 368
74 168
75 304
76 194
77 1315
78 4
79 1961
80 354
81 55
82 383
83 294
84 1397
85 249
86 8
87 248
88 412
89 827
90 2366
91 5
92 1
93 46
94 576
95 17
96 7
97 245
98 5
99 1
100 1
101 91
102 106
103 171
104 122
105 660
106 35
107 1
108 4
109 8
110 394
111 36
112 192
113 228
114 1663
115 2
116 109
117 651
118 107
119 129
120 42
121 625
122 48
123 445
124 69
125 286
126 4
127 16
128 24
129 134
130 4
131 352
132 83
133 24
134 1
135 117
136 6
137 61
138 33
139 146
140 2
141 3389
142 2341
143 31
144 14
145 1685
146 3316
147 1794
148 4
149 2
150 1723
151 119
152 1044
153 161
154 5
155 40
156 15
157 49
158 4
159 29
160 91
161 96
162 44
163 1
164 3375
165 173
166 1550
167 1448
168 10
169 7
170 248
171 2
172 383
173 350
174 7
175 64
176 80
177 5
178 84
179 51
180 319
181 16
182 110
183 1
184 255
185 222
186 240
187 2
188 104
189 8
190 167
191 414
192 217
193 36
194 118
195 99
196 10
197 30
198 4
199 4
200 4
201 33
202 2
203 19
204 1
205 2
206 56
207 108
208 2
209 239
210 10
211 42
212 45
213 246
214 7
215 17
216 13
217 62
218 2
219 39
220 4
221 336
222 6
223 135
224 49
225 1
226 55
227 67
228 177
229 32
230 13
231 14
232 5
233 6
234 85
235 28
236 3
237 151
238 1
239 120
240 21
241 95
242 2
243 100
244 17
245 75
246 30
247 313
248 110
249 259
250 119
251 89
252 2
253 31
254 4
255 1
256 42
257 8
258 10
259 8
260 3
261 7
262 85
263 96
264 77
265 4
266 15
267 76
268 79
269 11
270 51
271 130
272 439
273 391
274 428
275 2
276 163
277 474
278 477
279 671
280 51
281 523
282 14
283 1
284 680
285 355
286 392
287 631
288 35
289 1
290 286
291 4
292 118
293 3
294 33
295 176
296 1
297 4
298 10
299 3
300 172
301 14
302 343
303 3
304 26
305 504
306 157
307 97
308 71
309 7
310 3
311 511
312 1125
313 1
314 934
315 5
316 58
317 134
318 41
319 51
320 61
321 2
322 120
323 48
324 243
325 233
326 68
327 60
328 86
329 266
330 92
331 69
332 8
333 108
334 7
335 66
336 3
337 63
338 1
339 1
340 7
341 2
342 26
343 2
344 15
345 17
346 10
347 4
348 27
349 11
350 813
351 625
352 1579
353 44
354 197
355 553
356 288
357 66
358 92
359 72
360 93
361 56
362 423
363 183
364 163
365 56
366 25
367 5
368 45
369 8
370 10
371 2
372 4
373 12
374 138
375 22
376 7
377 42
378 69
379 231
380 87
381 24
382 6
383 7
384 2
385 100
386 92
387 25
388 80
389 326
390 1
391 175
392 274
393 464
394 336
395 6
396 4
397 103
398 81
399 81
400 4
401 10
402 18
403 221
404 43
405 3
406 133
407 198
408 19
409 206
410 75
411 385
412 5
413 161
414 934
415 311
416 216
417 188
418 6
419 443
420 12
421 273
422 20
423 75
424 177
425 117
426 23
427 220
428 206
429 289
430 77
431 75
432 370
433 887
434 283
435 308
436 38
437 27
438 33
439 1
440 31
441 2
442 136
443 144
444 239
445 60
446 174
447 115
448 117
449 70
450 4
451 35
452 25
453 52
454 23
455 2
456 27
457 38
458 56
459 13
460 26
461 8
462 109
463 2
464 74
465 7
466 4
467 57
468 7
469 107
470 11
471 2
472 2
473 4
474 34
475 10
476 23
477 13
478 18
479 52
480 21
481 4
482 1
483 385
484 4
485 15
486 5
487 76
488 1
489 144
490 269
491 124
492 41
493 201
494 92
495 7
496 175
497 73
498 49
499 170
500 14
501 380
502 615
503 64
504 17
505 106
506 21
507 1
508 2
509 97
510 56
511 38
512 60
513 51
514 50
515 22
516 6
517 415
518 35
519 441
520 124
521 66
522 79
523 2
524 352
525 96
526 130
527 227
528 8
529 2
530 1
531 2
532 4
533 9
534 2
535 3
536 279
537 33
538 386
539 2
540 3
541 232
542 470
543 4
544 114
545 6
546 14
547 28
548 10
549 206
550 82
551 1
552 220
553 230
554 356
555 735
556 162
557 58
558 280
559 9
560 813
561 363
562 1
563 30
564 264
565 91
566 101
567 242
568 1671
569 147
570 2
571 253
572 7
573 2
574 12
575 1
576 10
577 2
578 9
579 91
580 60
581 122
582 28
583 43
584 15
585 57
586 112
587 105
588 3030
589 63
590 191
591 108
592 3817
593 52
594 72
595 836
596 100
597 229
598 250
599 1288
600 33
601 10
602 235
603 231
604 225
605 40
606 133
607 70
608 273
609 2
610 221
611 1
612 241
613 300
614 114
615 251
616 721
617 1507
618 52
619 184
620 1
621 936
622 149
623 64
624 117
625 1246
626 50
627 2
628 1
629 4
630 6
631 489
632 159
633 272
634 205
635 4
636 9
637 1
638 1
639 107
640 408
641 27
642 94
643 14
644 15
645 65
646 156
647 103
648 86
649 117
650 164
651 76
652 4
653 7
654 31
655 9
656 2
657 1
658 10
659 2
660 48
661 1
662 364
663 72
664 144
665 20
666 249
667 209
668 407
669 15
670 135
671 129
672 52
673 171
674 72
675 366
676 152
677 34
678 50
679 180
680 290
681 77
682 42
683 97
684 67
685 67
686 5
687 52
688 8
689 7
690 125
691 2
692 63
693 57
694 94
695 38
696 160
697 476
698 18
699 10
700 252
701 96
702 66
703 102
704 214
705 1
706 1
707 1
708 33
709 117
710 1
711 2
712 89
713 17
714 3
715 32
716 55
717 8
718 18
719 2
720 27
721 71
722 89
723 90
724 241
725 181
726 255
727 270
728 292
729 25
730 1
731 3
732 28
733 1
734 3
735 112
736 7
737 180
738 2
739 281
740 60
741 86
742 39
743 2
744 41
745 204
746 8
747 821
748 18
749 85
750 4
751 266
752 316
753 2
754 531
755 7
756 23
757 12
758 16
759 6
760 2
761 68
762 12
763 151
764 419
765 137
766 51
767 86
768 226
769 27
770 1
771 6
772 4
773 847
774 28
775 3
776 5
777 2
778 465
779 133
780 121
781 179
782 7
783 36
784 23
785 2
786 4
787 20
788 6
789 200
790 111
791 124
792 100
793 9
794 14
795 30
796 55
797 714
798 148
799 157
800 42
801 44
802 329
803 2
804 50
805 2
806 11
807 254
808 2
809 2
810 16
811 93
812 85
813 4
814 37
815 1
816 2
817 2
818 1
819 4
820 2
821 10
822 1
823 2
824 7
825 3
826 441
827 9
828 31
829 8
830 465
831 2
832 144
833 5
834 11
835 1
836 2
837 4
838 237
839 102
840 12
841 1
842 18
843 47
844 22
845 26
846 2
847 12
848 164
849 47
850 1
851 2
852 72
853 245
854 131
855 1401
856 519
857 1
858 17
859 320
860 479
861 1802
862 698
863 22
864 94
865 42
866 64
867 152
868 2
869 33
870 86
871 37
872 1012
873 198
874 174
875 343
876 352
877 12
878 2
879 434
880 6
881 60
882 339
883 1
884 327
885 230
886 107
887 5
888 34
889 7
890 105
891 88
892 27
893 43
894 191
895 10
896 584
897 23
898 219
899 38
900 8
901 3
902 96
903 90
904 324
905 28
906 82
907 32
908 26
909 188
910 47
911 15
912 63
913 174
914 244
915 6
916 203
917 115
918 147
919 62
920 1
921 3
922 340
923 369
924 458
925 472
926 5
927 48
928 5
929 114
930 6
931 287
932 259
933 1
934 312
935 313
936 197
937 452
938 564
939 48
940 1188
941 748
942 221
943 392
944 208
945 438
946 562
947 138
948 1652
949 26
950 286
951 519
952 109
953 240
954 59
955 6
956 55
957 25
958 3
959 2
960 32
961 48
962 170
963 34
964 773
965 5
966 22
967 172
968 218
969 28
970 60
971 3
972 204
973 106
974 84
975 19
976 4
977 91
978 6
979 44
980 114
981 70
982 656
983 2
984 86
985 677
986 10
987 161
988 27
989 54
990 7
991 180
992 2
993 104
994 13
995 16
996 10
997 3
998 230
999 11
1000 735
1001 22
1002 158
1003 28
1004 43
1005 181
1006 24
1007 33
1008 4
1009 167
1010 181
1011 522
1012 846
1013 82
1014 4
1015 1115
1016 437
1017 505
1018 10
1019 421
1020 37
1021 209
1022 255
1023 1
1024 2
1025 61
1026 2
1027 53
1028 4
1029 16
1030 126
1031 3
1032 30
1033 107
1034 80
1035 128
1036 4
1037 662
1038 332
1039 337
1040 340
1041 22
1042 3
1043 273
1044 3
1045 406
1046 1
1047 1
1048 44
1049 126
1050 4
1051 1
1052 1
1053 43
1054 150
1055 296
1056 409
1057 19
1058 272
1059 567
1060 749
1061 27
1062 612
1063 44
1064 2
1065 57
1066 8
1067 2
1068 2
1069 60
1070 23
1071 14
1072 80
1073 43
1074 2
1075 3
1076 70
1077 23
1078 16
1079 9
1080 22
1081 33
1082 51
1083 42
1084 1
1085 20
1086 423
1087 4
1088 4
1089 32
1090 287
1091 8
1092 3
1093 596
1094 124
1095 217
1096 265
1097 59
1098 18
1099 3
1100 2
1101 5
1102 60
1103 23
1104 7
1105 11
1106 31
1107 1
1108 831
1109 81
1110 261
1111 38
1112 240
1113 17
1114 81
1115 11
1116 2
1117 138
1118 273
1119 135
1120 5
1121 63
1122 93
1123 134
1124 225
1125 5
1126 50
1127 172
1128 925
1129 577
1130 329
1131 222
1132 93
1133 89
1134 62
1135 47
1136 10
1137 1
1138 20
1139 95
1140 47
1141 1
1142 249
1143 2
1144 14
1145 46
1146 28
1147 5
1148 213
1149 91
1150 57
1151 2
1152 83
1153 58
1154 89
1155 7
1156 33
1157 28
1158 38
1159 8
1160 2
1161 323
1162 194
1163 173
1164 49
1165 67
1166 7
1167 7
1168 11
1169 89
1170 55
1171 17
1172 3
1173 138
1174 36
1175 36
1176 79
1177 5
1178 19
1179 39
1180 109
1181 132
1182 4
1183 10
1184 42
1185 63
1186 23
1187 9
1188 193
1189 60
1190 39
1191 22
1192 5
1193 130
1194 11
1195 5
1196 2
1197 107
1198 72
1199 242
1200 53
1201 545
1202 3
1203 260
1204 313
1205 352
1206 244
1207 44
1208 152
1209 60
1210 204
1211 5
1212 109
1213 189
1214 43
1215 1
1216 1
1217 1
1218 6
1219 98
1220 25
1221 23
1222 2
1223 43
1224 51
1225 667
1226 540
1227 149
1228 177
1229 15
1230 77
1231 168
1232 2
1233 89
1234 54
1235 68
1236 17
1237 121
1238 2
1239 69
1240 2
1241 609
1242 9
1243 105
1244 168
1245 174
1246 18
1247 8
1248 204
1249 111
1250 140
1251 1
1252 1472
1253 52
1254 2
1255 2
1256 8
1257 10
1258 140
1259 2
1260 18
1261 1
1262 116
1263 11
1264 227
1265 198
1266 103
1267 19
1268 5
1269 46
1270 399
1271 291
1272 236
1273 158
1274 152
1275 167
1276 143
1277 10
1278 30
1279 77
1280 158
1281 2
1282 38
1283 41
1284 10
1285 22
1286 141
1287 4
1288 63
1289 9
1290 27
1291 17
1292 177
1293 230
1294 155
1295 313
1296 5
1297 281
1298 484
1299 701
1300 67
1301 604
1302 26
1303 365
1304 202
1305 128
1306 295
1307 26
1308 219
1309 79
1310 10
1311 578
1312 497
1313 426
1314 1506
1315 21
1316 85
1317 46
1318 56
1319 19
1320 1
1321 18
1322 4
1323 177
1324 20
1325 56
1326 7
1327 62
1328 17
1329 793
1330 87
1331 76
1332 8
1333 58
1334 4
1335 59
1336 134
1337 188
1338 39
1339 84
1340 26
1341 6
1342 170
1343 211
1344 86
1345 101
1346 20
1347 136
1348 87
1349 98
1350 336
1351 9
1352 112
1353 36
1354 79
1355 72
1356 37
1357 17
1358 9
1359 110
1360 156
1361 34
1362 10
1363 4
1364 140
1365 190
1366 131
1367 24
1368 88
1369 1
1370 86
1371 16
1372 224
1373 204
1374 134
1375 502
1376 79
1377 21
1378 28
1379 72
1380 1
1381 6
1382 38
1383 1
1384 77
1385 90
1386 54
1387 4
1388 151
1389 117
1390 169
1391 53
1392 7
1393 41
1394 1
1395 181
1396 159
1397 238
1398 79
1399 33
1400 114
1401 1024
1402 1005
1403 883
1404 324
1405 248
1406 75
1407 35
1408 6
1409 9
1410 40
1411 10
1412 2
1413 38
1414 32
1415 70
1416 54
1417 53
1418 2
1419 36
1420 97
1421 4
1422 18
1423 24
1424 112
1425 123
1426 70
1427 4
1428 259
1429 127
1430 179
1431 57
1432 29
1433 26
1434 1
1435 1
1436 1
1437 2
1438 1
1439 18
1440 153
1441 41
1442 58
1443 44
1444 3
1445 5
1446 5
1447 208
1448 457
1449 103
1450 55
1451 137
1452 14
1453 30
1454 43
1455 41
1456 204
1457 18
1458 227
1459 159
1460 76
1461 2
1462 14
1463 2
1464 1
1465 4
1466 7
1467 10
1468 13
1469 28
1470 181
1471 30
1472 24
1473 1
1474 34
1475 252
1476 33
1477 99
1478 89
1479 70
1480 148
1481 2
1482 101
1483 62
1484 51
1485 35
1486 34
1487 6
1488 2
1489 33
1490 1
1491 1
1492 12
1493 14
1494 13
1495 18
1496 6
1497 6
1498 1
1499 904
1500 40
1501 2
1502 384
1503 6
1504 57
1505 486
1506 363
1507 69
1508 367
1509 128
1510 20
1511 267
1512 58
1513 54
1514 147
1515 254
1516 96
1517 242
1518 101
1519 78
1520 466
1521 51
1522 493
1523 231
1524 662
1525 588
1526 319
1527 106
1528 561
1529 61
1530 1069
1531 5
1532 220
1533 606
1534 8
1535 84
1536 59
1537 8
1538 26
1539 17
1540 57
1541 155
1542 168
1543 3
1544 103
1545 241
1546 132
1547 37
1548 2
1549 3
1550 1
1551 5
1552 603
1553 65
1554 92
1555 328
1556 354
1557 18
1558 109
1559 546
1560 42
1561 297
1562 402
1563 167
1564 58
1565 229
1566 111
1567 416
1568 32
1569 132
1570 306
1571 182
1572 24
1573 222
1574 2
1575 283
1576 5
1577 195
1578 148
1579 292
1580 641
1581 1
1582 244
1583 179
1584 99
1585 106
1586 14
1587 491
1588 9
1589 193
1590 250
1591 136
1592 49
1593 38
1594 7
1595 59
1596 78
1597 230
1598 4
1599 94
1600 17
1601 8
1602 4
1603 129
1604 73
1605 189
1606 25
1607 228
1608 4
1609 12
1610 666
1611 340
1612 250
1613 36
1614 196
1615 105
1616 2
1617 90
1618 129
1619 28
1620 61
1621 2
1622 150
1623 1
1624 337
1625 2
1626 1022
1627 226
1628 235
1629 17
1630 90
1631 402
1632 145
1633 72
1634 176
1635 5
1636 107
1637 9
1638 117
1639 7
1640 210
1641 73
1642 2
1643 250
1644 92
1645 234
1646 8
1647 39
1648 34
1649 86
1650 96
1651 179
1652 97
1653 4
1654 2
1655 4
1656 12
1657 27
1658 10
1659 57
1660 2
1661 218
1662 54
1663 138
1664 79
1665 349
1666 330
1667 73
1668 10
1669 4
1670 293
1671 185
1672 188
1673 47
1674 118
1675 1
1676 135
1677 87
1678 171
1679 1109
1680 246
1681 941
1682 37
1683 1
1684 8
1685 1
1686 23
1687 9
1688 4
1689 1
1690 16
1691 44
1692 2
1693 118
1694 182
1695 4
1696 150
1697 2
1698 26
1699 192
1700 4
1701 232
1702 38
1703 3
1704 1
1705 202
1706 120
1707 209
1708 53
1709 101
1710 235
1711 333
1712 12
1713 224
1714 269
1715 1339
1716 130
1717 434
1718 1201
1719 1
1720 234
1721 4
1722 302
1723 1013
1724 1159
1725 24
1726 1007
1727 199
1728 105
1729 33
1730 102
1731 38
1732 7
1733 108
1734 97
1735 106
1736 163
1737 95
1738 1
1739 206
1740 91
1741 289
1742 70
1743 11
1744 101
1745 351
1746 410
1747 330
1748 22
1749 99
1750 373
1751 1133
1752 129
1753 1315
1754 286
1755 9
1756 209
1757 41
1758 780
1759 1138
1760 902
1761 2
1762 145
1763 144
1764 14
1765 15
1766 13
1767 4
1768 27
1769 1
1770 97
1771 52
1772 42
1773 74
1774 21
1775 43
1776 1
1777 17
1778 636
1779 160
1780 667
1781 173
1782 250
1783 253
1784 230
1785 40
1786 231
1787 325
1788 700
1789 223
1790 398
1791 176
1792 652
1793 541
1794 75
1795 404
1796 144
1797 168
1798 76
1799 47
1800 59
1801 2
1802 258
1803 165
1804 228
1805 53
1806 7
1807 238
1808 164
1809 226
1810 16
1811 53
1812 16
1813 1
1814 11
1815 194
1816 102
1817 1
1818 113
1819 184
1820 61
1821 103
1822 162
1823 1027
1824 131
1825 52
1826 315
1827 180
1828 302
1829 34
1830 82
1831 50
1832 41
1833 7
1834 18
1835 10
1836 257
1837 318
1838 278
1839 209
1840 11
1841 105
1842 82
1843 183
1844 55
1845 3
1846 3
1847 312
1848 172
1849 306
1850 112
1851 1
1852 84
1853 1
1854 78
1855 95
1856 18
1857 9
1858 31
1859 56
1860 60
1861 82
1862 62
1863 33
1864 6
1865 42
1866 8
1867 125
1868 119
1869 4
1870 59
1871 87
1872 48
1873 55
1874 39
1875 110
1876 26
1877 67
1878 23
1879 23
1880 75
1881 9
1882 99
1883 83
1884 400
1885 89
1886 268
1887 78
1888 163
1889 296
1890 326
1891 36
1892 320
1893 48
1894 241
1895 34
1896 77
1897 20
1898 47
1899 83
1900 55
1901 753
1902 1
1903 326
1904 341
1905 621
1906 42
1907 1
1908 871
1909 260
1910 145
1911 25
1912 60
1913 47
1914 2
1915 21
1916 2
1917 97
1918 124
1919 5
1920 353
1921 7
1922 73
1923 103
1924 232
1925 2
1926 50
1927 28
1928 1047
1929 67
1930 86
1931 1
1932 14
1933 26
1934 119
1935 30
1936 264
1937 162
1938 111
1939 8
1940 12
1941 3
1942 7
1943 4
1944 160
1945 163
1946 59
1947 152
1948 59
1949 74
1950 84
1951 95
1952 9
1953 94
1954 4
1955 156
1956 493
1957 229
1958 143
1959 32
1960 20
1961 145
1962 175
1963 119
1964 15
1965 41
1966 64
1967 32
1968 79
1969 170
1970 149
1971 45
1972 100
1973 24
1974 4
1975 3
1976 41
1977 2
1978 44
1979 70
1980 108
1981 110
1982 90
1983 8
1984 294
1985 47
1986 167
1987 153
1988 1
1989 270
1990 148
1991 69
1992 45
1993 6
1994 478
1995 565
1996 476
1997 98
1998 274
1999 239
2000 141
2001 108
2002 34
2003 4
2004 2
2005 704
2006 2016
2007 1973
2008 344
2009 94
2010 1335
2011 2013
2012 2414
2013 2
2014 405
2015 829
2016 249
2017 31
2018 49
2019 29
2020 91
2021 14
2022 43
2023 52
2024 6
2025 131
2026 56
2027 22
2028 54
2029 113
2030 157
2031 98
2032 10
2033 143
2034 165
2035 154
2036 80
2037 30
2038 62
2039 152
2040 8
2041 1
2042 8
2043 128
2044 268
2045 95
2046 304
2047 678
2048 97
2049 595
2050 912
2051 1178
2052 15
2053 1002
2054 76
2055 1
2056 6
2057 2
2058 35
2059 45
2060 1
2061 2
2062 131
2063 18
2064 167
2065 182
2066 560
2067 22
2068 10
2069 1717
2070 290
2071 79
2072 83
2073 51
2074 400
2075 10
2076 381
2077 14
2078 70
2079 73
2080 149
2081 18
2082 151
2083 241
2084 502
2085 38
2086 62
2087 2
2088 269
2089 108
2090 275
2091 381
2092 54
2093 2
2094 2
2095 4
2096 4
2097 6
2098 1
2099 2
2100 83
2101 11
2102 3
2103 4
2104 34
2105 14
2106 265
2107 56
2108 202
2109 19
2110 727
2111 221
2112 14
2113 12
2114 4
2115 1526
2116 343
2117 639
2118 307
2119 171
2120 994
2121 706
2122 706
2123 447
2124 59
2125 235
2126 158
2127 68
2128 32
2129 49
2130 47
2131 50
2132 10
2133 82
2134 9
2135 70
2136 29
2137 68
2138 89
2139 555
2140 10
2141 97
2142 19
2143 1
2144 1
2145 3
2146 4
2147 78
2148 55
2149 48
2150 73
2151 13
2152 48
2153 193
2154 109
2155 76
2156 66
2157 4
2158 96
2159 24
2160 4
2161 48
2162 76
2163 6
2164 12
2165 34
2166 2
2167 28
2168 236
2169 24
2170 17
2171 160
2172 3
2173 11
2174 2
2175 2
2176 92
2177 14
2178 88
2179 196
2180 34
2181 2
2182 2
2183 2
2184 2
2185 27
2186 3
2187 11
2188 52
2189 2
2190 108
2191 23
2192 16
2193 1
2194 10
2195 3
2196 239
2197 4
2198 4
2199 37
2200 107
2201 7
2202 172
2203 47
2204 48
2205 12
2206 118
2207 39
2208 73
2209 53
2210 4
2211 3
2212 73
2213 43
2214 18
2215 23
2216 10
2217 58
2218 7
2219 3
2220 98
2221 137
2222 109
2223 83
2224 33
2225 195
2226 2
2227 13
2228 72
2229 4
2230 37
2231 116
2232 184
2233 29
2234 1
2235 18
2236 2
2237 55
2238 233
2239 34
2240 128
2241 184
2242 141
2243 3
2244 19
2245 36
2246 120
2247 39
2248 2
2249 44
2250 87
2251 190
2252 25
2253 11
2254 5
2255 10
2256 185
2257 35
2258 17
2259 4
2260 10
2261 20
2262 4
2263 83
2264 15
2265 29
2266 172
2267 39
2268 46
2269 134
2270 56
2271 8
2272 15
2273 131
2274 6
2275 25
2276 699
2277 119
2278 9
2279 4
2280 253
2281 2
2282 47
2283 259
2284 76
2285 2
2286 12
2287 60
2288 57
2289 60
2290 6
2291 45
2292 1
2293 45
2294 165
2295 126
2296 115
2297 127
2298 34
2299 170
2300 252
2301 61
2302 2
2303 459
2304 225
2305 220
2306 145
2307 59
2308 160
2309 6
2310 1
2311 1
2312 8
2313 4
2314 2
2315 45
2316 163
2317 3
2318 83
2319 12
2320 190
2321 40
2322 264
2323 738
2324 982
2325 58
2326 153
2327 231
2328 830
2329 166
2330 5
2331 2
2332 11
2333 125
2334 66
2335 4
2336 148
2337 6
2338 449
2339 730
2340 193
2341 92
2342 37
2343 13
2344 280
2345 46
2346 61
2347 106
2348 100
2349 115
2350 4
2351 62
2352 9
2353 153
2354 63
2355 2
2356 57
2357 306
2358 196
2359 66
2360 54
2361 134
2362 47
2363 1
2364 415
2365 16
2366 114
2367 13
2368 12
2369 1
2370 27
2371 18
2372 2
2373 1
2374 4
2375 34
2376 1
2377 71
2378 2
2379 20
2380 3
2381 130
2382 171
2383 4
2384 1
2385 1
2386 1
2387 1
2388 2
2389 5
2390 2
2391 6
2392 5
2393 79
2394 2
2395 52
2396 111
2397 36
2398 131
2399 182
2400 293
2401 260
2402 15
2403 28
2404 5
2405 3
2406 3
2407 4
2408 245
2409 1
2410 14
2411 451
2412 38
2413 112
2414 1
2415 4
2416 101
2417 541
2418 1
2419 4
2420 17
2421 2
2422 4
2423 4
2424 112
2425 23
2426 5
2427 22
2428 28
2429 4
2430 24
2431 51
2432 3
2433 29
2434 7
2435 1
2436 847
2437 238
2438 255
2439 184
2440 33