0.0 0
0.002 0
0.004 0
0.006 0
0.008 0
0.01 0
0.012 0
0.014 0
0.016 0
0.018 0
0.02 0
0.022 0
0.024 0
0.026 0
0.028 0
0.03 0
0.032 0
0.034 0
0.036 0
0.038 0
0.04 0
0.042 0
0.044 0
0.046 0
0.048 0
0.05 0
0.052 0
0.054 0
0.056 0
0.058 0
0.06 0
0.062 0
0.064 0
0.066 0
0.068 0
0.07 0
0.072 0
0.074 0
0.076 0
0.078 0
0.08 0
0.082 0
0.084 0
0.086 0
0.088 0
0.09 0
0.092 0
0.094 0
0.096 1
0.098 1
0.1 1
0.102 2
0.104 2
0.106 2
0.108 3
0.11 3
0.112 3
0.114 3
0.116 3
0.118 4
0.12 4
0.122 4
0.124 4
0.126 5
0.128 5
0.13 5
0.132 5
0.134 5
0.136 5
0.138 5
0.14 6
0.142 6
0.144 6
0.146 6
0.148 6
0.15 7
0.152 8
0.154 8
0.156 8
0.158 8
0.16 8
0.162 8
0.164 8
0.166 9
0.168 9
0.17 10
0.172 10
0.174 10
0.176 10
0.178 10
0.18 11
0.182 11
0.184 11
0.186 11
0.188 11
0.19 11
0.192 11
0.194 11
0.196 11
0.198 11
0.2 11
0.202 11
0.204 12
0.206 12
0.208 13
0.21 13
0.212 13
0.214 13
0.216 13
0.218 13
0.22 13
0.222 13
0.224 13
0.226 13
0.228 13
0.23 13
0.232 13
0.234 13
0.236 13
0.238 13
0.24 13
0.242 14
0.244 14
0.246 14
0.248 14
0.25 14
0.252 14
0.254 14
0.256 15
0.258 15
0.26 16
0.262 16
0.264 16
0.266 16
0.268 16
0.27 16
0.272 16
0.274 16
0.276 17
0.278 17
0.28 17
0.282 18
0.284 19
0.286 19
0.288 19
0.29 19
0.292 19
0.294 19
0.296 19
0.298 19
0.3 20
0.302 20
0.304 20
0.306 20
0.308 21
0.31 21
0.312 21
0.314 21
0.316 21
0.318 22
0.32 22
0.322 23
0.324 23
0.326 24
0.328 25
0.33 25
0.332 25
0.334 25
0.336 25
0.338 26
0.34 26
0.342 26
0.344 26
0.346 26
0.348 26
0.35 26
0.352 27
0.354 27
0.356 27
0.358 27
0.36 27
0.362 27
0.364 27
0.366 28
0.368 29
0.37 29
0.372 30
0.374 31
0.376 31
0.378 31
0.38 32
0.382 33
0.384 33
0.386 33
0.388 33
0.39 33
0.392 34
0.394 34
0.396 35
0.398 36
0.4 37
0.402 37
0.404 37
0.406 38
0.408 38
0.41 38
0.412 38
0.414 38
0.416 38
0.418 38
0.42 38
0.422 38
0.424 38
0.426 39
0.428 39
0.43 39
0.432 40
0.434 41
0.436 42
0.438 42
0.44 42
0.442 43
0.444 44
0.446 44
0.448 44
0.45 44
0.452 44
0.454 45
0.456 45
0.458 45
0.46 46
0.462 46
0.464 46
0.466 46
0.468 46
0.47 47
0.472 47
0.474 47
0.476 48
0.478 49
0.48 50
0.482 51
0.484 52
0.486 52
0.488 52
0.49 53
0.492 53
0.494 53
0.496 53
0.498 53
0.5 53
0.502 53
0.504 54
0.506 55
0.508 56
0.51 57
0.512 57
0.514 58
0.516 59
0.518 59
0.52 59
0.522 60
0.524 61
0.526 62
0.528 63
0.53 64
0.532 64
0.534 65
0.536 66
0.538 66
0.54 67
0.542 67
0.544 68
0.546 69
0.548 70
0.55 71
0.552 71
0.554 71
0.556 71
0.558 72
0.56 72
0.562 73
0.564 74
0.566 74
0.568 74
0.57 75
0.572 76
0.574 77
0.576 77
0.578 78
0.58 79
0.582 79
0.584 80
0.586 80
0.588 80
0.59 81
0.592 81
0.594 82
0.596 82
0.598 82
